capex: 11953.006720741805
compression_capacity: 1023.1732058061366
conversion_trains_number: 4
electrolyser_capacity: 16989.140821218334
expected_arrival_offset: -2
fuelcell_capacity: 1008.6993311820902
hydrogen_storage_capacity: 282940.273689829
hydrogen_storage_lower_backoff: 0.19008438997931731
hydrogen_storage_upper_backoff: 0.6913442711950523
opex: 3063.310172945215
renewable_energy_capacity: 1847.8509332115418
renewables: wind
vector: NH3
vector_storage_capacity: 284.28392461961187
vector_storage_lower_backoff: 0.2843201777535652
vector_storage_upper_backoff: 0.771924322185261
wind_forecast_mean: 0.7312533773651744
