capex: 12642.320396493626
compression_capacity: 1060.3670596051004
conversion_trains_number: 5
electrolyser_capacity: 18616.395355843015
expected_arrival_offset: -2
fuelcell_capacity: 666.2510296129791
hydrogen_storage_capacity: 278103.66866113176
hydrogen_storage_lower_backoff: 0.22827891319200838
hydrogen_storage_upper_backoff: 0.8613177337647352
opex: 3261.4114700221726
renewable_energy_capacity: 1818.102272432477
renewables: wind
vector: NH3
vector_storage_capacity: 295.1048139375632
vector_storage_lower_backoff: 0.30100981139490457
vector_storage_upper_backoff: 0.7211804555895919
wind_forecast_mean: 0.6260613446914233
